DEV_SYS = TRUE

#colors map 
#brewer.pal()
#rowCountToPlotSizeMap = c("1"="")
coloursvec <- c("#1b9e77", "#ff7f00", "#984ea3", "#e7298a", "#66a61e","#e6ab02","#e41a1c","#fb9a99","#1f78b4","#a65628")

# #1b9e77 = dark green
# #ff7f00 = orange
# #984ea3 = purple
# #e7298a = pink
# #66a61e = green
# #e6ab02 = yellow
# #e41a1c = red
# #fb9a99 = baby pink
# #1f78b4 = blue
# #a65628 = brown